daily_fecha,daily_total_confirmados,daily_total_activos,daily_total_decesos,daily_total_recuperados,daily_delta_confirmados,daily_delta_activos,daily_delta_decesos,daily_delta_recuperados
2020-03-10,2,2,0,0,2,2,0,0
2020-03-11,3,3,0,0,1,1,0,0
2020-03-12,3,3,0,0,0,0,0,0
2020-03-13,10,10,0,0,7,7,0,0
2020-03-14,10,10,0,0,0,0,0,0
2020-03-15,11,11,0,0,1,1,0,0
2020-03-16,11,11,0,0,0,0,0,0
2020-03-17,12,12,0,0,1,1,0,0
2020-03-18,12,12,0,0,0,0,0,0
2020-03-19,16,16,0,0,4,4,0,0
2020-03-20,19,19,0,0,3,3,0,0
2020-03-21,20,20,0,0,1,1,0,0
2020-03-22,27,27,0,0,7,7,0,0
2020-03-23,28,28,0,0,1,1,0,0
2020-03-24,32,32,0,0,4,4,0,0
2020-03-25,39,39,0,0,7,7,0,0
2020-03-26,61,61,0,0,22,22,0,0
2020-03-27,74,74,0,0,13,13,0,0
2020-03-28,81,81,0,0,7,7,0,0
2020-03-29,96,93,3,0,15,12,3,0
2020-03-30,107,101,6,0,11,8,3,0
2020-03-31,115,108,7,0,8,7,1,0
2020-04-01,123,115,8,0,8,7,1,0
2020-04-02,132,123,9,0,9,8,1,0
2020-04-03,139,128,10,1,7,5,1,1
2020-04-04,157,146,10,1,18,18,0,0
2020-04-05,183,171,11,1,26,25,1,0
2020-04-06,194,179,14,1,11,8,3,0
2020-04-07,210,194,15,1,16,15,1,0
2020-04-08,264,245,18,1,54,51,3,0
2020-04-09,268,248,19,1,4,3,1,0
2020-04-10,275,254,20,1,7,6,1,0
2020-04-11,300,275,24,1,25,21,4,0
2020-04-12,330,302,27,1,30,27,3,0
2020-04-13,354,321,28,5,24,19,1,4
2020-04-14,397,362,28,7,43,41,0,2
2020-04-15,441,398,29,14,44,36,1,7
2020-04-16,465,408,31,26,24,10,2,12
2020-04-17,493,431,31,31,28,23,0,5
2020-04-18,520,457,32,31,27,26,1,0
2020-04-19,564,500,33,31,44,43,1,0
2020-04-20,598,527,34,37,34,27,1,6
2020-04-21,609,535,37,37,11,8,3,0
2020-04-22,672,588,40,44,63,53,3,7
2020-04-23,703,616,43,44,31,28,3,0
2020-04-24,807,709,44,54,104,93,1,10
2020-04-25,866,745,46,75,59,36,2,21
2020-04-26,950,820,50,80,84,75,4,5
2020-04-27,1014,863,53,98,64,43,3,18
2020-04-28,1053,888,55,110,39,25,2,12
2020-04-29,1110,941,59,110,57,53,4,0
2020-04-30,1167,985,62,120,57,44,3,10
2020-05-01,1229,1029,66,134,62,44,4,14
2020-05-02,1470,1240,71,159,241,211,5,25
2020-05-03,1594,1352,76,166,124,112,5,7
2020-05-04,1681,1425,82,174,87,73,6,8
2020-05-05,1802,1531,84,187,121,106,2,13
2020-05-06,1886,1597,91,198,84,66,7,11
2020-05-07,2081,1760,102,219,195,163,11,21
2020-05-08,2266,1923,106,237,185,163,4,18
2020-05-09,2437,2065,114,258,171,142,8,21
2020-05-10,2556,2165,118,273,119,100,4,15
2020-05-11,2831,2410,122,299,275,245,4,26
2020-05-12,2964,2523,128,313,133,113,6,14
2020-05-13,3148,2667,142,339,184,144,14,26
2020-05-14,3372,2864,152,356,224,197,10,17
2020-05-15,3577,3057,164,356,205,193,12,0
2020-05-16,3826,3188,165,473,249,131,1,117
2020-05-17,4088,3426,169,493,262,238,4,20
2020-05-18,4263,3586,174,503,175,160,5,10
2020-05-19,4481,3759,189,533,218,173,15,30
2020-05-20,4919,4167,199,553,438,408,10,20
2020-05-21,5187,4411,215,561,268,244,16,8
2020-05-22,5579,4774,230,575,392,363,15,14
2020-05-23,5915,5066,240,609,336,292,10,34
2020-05-24,6263,5384,250,629,348,318,10,20
2020-05-25,6660,5752,261,647,397,368,11,18
2020-05-26,7136,6185,274,677,476,433,13,30
2020-05-27,7768,6799,280,689,632,614,6,12
2020-05-28,8387,7356,293,738,619,557,13,49
2020-05-29,8731,7682,300,749,344,326,7,11
2020-05-30,9592,8393,310,889,861,711,10,140
2020-05-31,9982,8683,313,986,390,290,3,97
2020-06-01,10531,9051,343,1137,549,368,30,151
2020-06-02,10991,9317,376,1298,460,266,33,161
